x, y ,b, r
182, 15, 1, 0.2549019607843137
1443, 15, 2, 0.13725490196078433
1419, 18, 3, 0.1568627450980392
1899, 31, 2, 0.12941176470588237
945, 40, 2, 0.13725490196078433
1155, 44, 4, 0.2784313725490196
1109, 56, 4, 0.1568627450980392
1955, 55, 2, 0.1568627450980392
1217, 60, 2, 0.14901960784313725
517, 63, 1, 0.13333333333333333
2093, 76, 7, 0.08627450980392157
1572, 83, 3, 0.20784313725490197
712, 86, 2, 0.15294117647058825
115, 109, 1, 0.1803921568627451
1537, 111, 3, 0.1843137254901961
1724, 111, 1, 0.13333333333333333
803, 134, 4, 0.20784313725490197
1376, 140, 2, 0.12941176470588237
29, 142, 1, 0.17647058823529413
1343, 142, 2, 0.1411764705882353
913, 144, 1, 0.4392156862745098
116, 153, 2, 0.13725490196078433
712, 159, 2, 0.1450980392156863
1312, 159, 2, 0.1411764705882353
1981, 172, 1, 0.1568627450980392
161, 184, 2, 0.1607843137254902
332, 189, 2, 0.1411764705882353
1264, 207, 1, 0.14901960784313725
1427, 201, 2, 0.1450980392156863
1143, 209, 2, 0.13725490196078433
233, 214, 2, 0.13725490196078433
149, 216, 2, 0.13333333333333333
124, 219, 2, 0.3333333333333333
34, 236, 1, 0.14901960784313725
836, 231, 2, 0.19215686274509805
1589, 237, 2, 0.13333333333333333
1433, 262, 1, 0.5529411764705883
1261, 270, 4, 0.3843137254901961
488, 272, 4, 0.16470588235294117
1955, 281, 2, 0.1411764705882353
1323, 304, 2, 0.1411764705882353
619, 339, 1, 0.15294117647058825
758, 342, 3, 0.1568627450980392
1923, 342, 2, 0.15294117647058825
1922, 356, 2, 0.13725490196078433
1940, 381, 2, 0.1411764705882353
1989, 362, 1, 0.15294117647058825
922, 363, 2, 0.14901960784313725
1364, 369, 1, 0.13333333333333333
492, 377, 2, 0.15294117647058825
2045, 378, 2, 0.1450980392156863
1982, 377, 1, 0.611764705882353
1910, 381, 2, 0.1411764705882353
586, 387, 2, 0.15294117647058825
1897, 383, 2, 0.1450980392156863
470, 394, 2, 0.12549019607843137
915, 396, 2, 0.1411764705882353
1872, 399, 2, 0.15294117647058825
1720, 401, 2, 0.13725490196078433
648, 403, 3, 0.20392156862745098
178, 448, 2, 0.13725490196078433
997, 453, 5, 0.14901960784313725
191, 484, 2, 0.13725490196078433
1289, 461, 3, 0.1568627450980392
1439, 461, 2, 0.2901960784313726
546, 477, 2, 0.23137254901960785
522, 482, 2, 0.1450980392156863
481, 491, 2, 0.35294117647058826
1605, 494, 2, 0.1607843137254902
108, 517, 2, 0.1568627450980392
1593, 520, 2, 0.1411764705882353
1953, 538, 2, 0.1450980392156863
739, 544, 2, 0.1411764705882353
894, 553, 5, 0.1568627450980392
773, 580, 2, 0.19215686274509805
570, 569, 2, 0.1568627450980392
1171, 572, 5, 0.1607843137254902
1551, 584, 2, 0.6078431372549019
964, 613, 2, 0.17254901960784313
1882, 621, 2, 0.1411764705882353
1572, 630, 4, 0.7098039215686275
1984, 633, 2, 0.1568627450980392
554, 636, 2, 0.13333333333333333
1985, 665, 3, 0.15294117647058825
713, 647, 2, 0.13725490196078433
1279, 654, 2, 0.14901960784313725
1672, 666, 5, 0.16862745098039217
1132, 686, 4, 0.14901960784313725
1756, 695, 2, 0.13333333333333333
34, 705, 1, 0.19607843137254902
245, 708, 2, 0.1568627450980392
789, 747, 1, 0.32941176470588235
1119, 748, 1, 0.13333333333333333
580, 768, 2, 0.1450980392156863
1650, 772, 2, 0.1411764705882353
340, 773, 2, 0.12549019607843137
241, 783, 2, 0.13333333333333333
1644, 794, 2, 0.17254901960784313
1211, 808, 4, 0.5529411764705883
137, 820, 1, 0.25098039215686274
1208, 835, 2, 0.27058823529411763
429, 850, 2, 0.26666666666666666
302, 854, 1, 0.7411764705882353
1401, 857, 2, 0.13725490196078433
1786, 876, 2, 0.20784313725490197
841, 872, 3, 0.1843137254901961
278, 881, 2, 0.1568627450980392
151, 881, 2, 0.14901960784313725
970, 887, 2, 0.13333333333333333
696, 901, 2, 0.12549019607843137
453, 907, 1, 0.27450980392156865
102, 914, 2, 0.15294117647058825
631, 919, 2, 0.17647058823529413
1266, 912, 6, 0.9019607843137255
1433, 924, 2, 0.30196078431372547
423, 943, 2, 0.12941176470588237
183, 955, 1, 0.5529411764705883
1853, 950, 2, 0.1568627450980392
1136, 952, 1, 0.13333333333333333
1284, 975, 2, 0.1450980392156863
1331, 963, 1, 0.13333333333333333
1294, 997, 1, 0.12549019607843137
1912, 982, 3, 0.1568627450980392
1434, 984, 5, 0.14901960784313725
498, 1016, 2, 0.1568627450980392
1017, 1040, 2, 0.14901960784313725
404, 1045, 2, 0.15294117647058825
1028, 1077, 4, 0.1450980392156863
300, 1065, 5, 0.17254901960784313
668, 1085, 2, 0.1450980392156863
215, 1089, 3, 0.1607843137254902
1386, 1114, 2, 0.16470588235294117
1837, 1109, 2, 0.14901960784313725
1533, 1112, 2, 0.26666666666666666
144, 1113, 1, 0.2627450980392157
258, 1114, 1, 0.1411764705882353
717, 1118, 2, 0.2784313725490196
23, 1119, 1, 0.22745098039215686
377, 1147, 2, 0.15294117647058825
1372, 1153, 2, 0.2784313725490196
257, 1160, 2, 0.1411764705882353
753, 1166, 5, 0.15294117647058825
205, 1184, 2, 0.1568627450980392
2013, 1208, 2, 0.21176470588235294
1757, 1193, 4, 0.27450980392156865
50, 1200, 1, 0.14901960784313725
185, 1212, 2, 0.1607843137254902
489, 1219, 2, 0.6705882352941176
629, 1220, 2, 0.15294117647058825
973, 1226, 2, 0.14901960784313725
1580, 1225, 2, 0.12941176470588237
607, 1231, 2, 0.15294117647058825